Bounding Width: 840
0 6 3 0 5 
6 6 3 0 5 
12 6 3 0 5 
18 6 3 0 5 
24 6 3 0 6 
30 6 3 0 6 
36 6 3 0 6 
42 6 3 0 6 
0 6 3 0 13 
6 6 3 0 13 
12 6 3 0 13 
18 6 3 0 13 
24 6 3 0 14 
30 6 3 0 14 
36 6 3 0 14 
42 6 3 0 14 
48 6 5 0 4 
54 6 5 0 4 
60 6 5 0 4 
66 6 5 0 4 
72 6 5 0 6 
78 6 5 0 6 
84 6 5 0 6 
90 6 5 0 6 
48 6 5 0 12 
54 6 5 0 12 
60 6 5 0 12 
66 6 5 0 12 
72 6 5 0 14 
78 6 5 0 14 
84 6 5 0 14 
90 6 5 0 14 
96 6 7 0 2 
102 6 7 0 2 
108 6 7 0 2 
114 6 7 0 2 
120 6 7 0 4 
126 6 7 0 4 
132 6 7 0 4 
138 6 7 0 4 
144 6 7 0 6 
150 6 7 0 6 
156 6 7 0 6 
162 6 7 0 6 
96 6 7 0 10 
102 6 7 0 10 
108 6 7 0 10 
114 6 7 0 10 
120 6 7 0 12 
126 6 7 0 12 
132 6 7 0 12 
138 6 7 0 12 
144 6 7 0 14 
150 6 7 0 14 
156 6 7 0 14 
162 6 7 0 14 
168 6 9 0 0 
174 6 9 0 0 
180 6 9 0 0 
186 6 9 0 0 
192 6 9 0 2 
198 6 9 0 2 
204 6 9 0 2 
210 6 9 0 2 
216 6 9 0 4 
222 6 9 0 4 
228 6 9 0 4 
234 6 9 0 4 
240 6 9 0 6 
246 6 9 0 6 
252 6 9 0 6 
258 6 9 0 6 
264 6 9 0 8 
270 6 9 0 8 
276 6 9 0 8 
282 6 9 0 8 
168 6 9 0 10 
174 6 9 0 10 
180 6 9 0 10 
186 6 9 0 10 
192 6 9 0 12 
198 6 9 0 12 
204 6 9 0 12 
210 6 9 0 12 
216 6 9 0 14 
222 6 9 0 14 
228 6 9 0 14 
234 6 9 0 14 
288 6 11 0 0 
294 6 11 0 0 
300 6 11 0 0 
306 6 11 0 0 
312 6 11 0 2 
318 6 11 0 2 
324 6 11 0 2 
330 6 11 0 2 
336 6 11 0 4 
342 6 11 0 4 
348 6 11 0 4 
354 6 11 0 4 
360 6 11 0 6 
366 6 11 0 6 
372 6 11 0 6 
378 6 11 0 6 
384 6 11 0 6 
390 6 11 0 6 
396 6 11 0 6 
402 6 11 0 6 
408 6 11 0 8 
414 6 11 0 8 
420 6 11 0 8 
426 6 11 0 8 
432 6 11 0 10 
438 6 11 0 10 
444 6 11 0 10 
450 6 11 0 10 
288 6 11 0 12 
294 6 11 0 12 
300 6 11 0 12 
306 6 11 0 12 
456 6 13 0 0 
462 6 13 0 0 
468 6 13 0 0 
474 6 13 0 0 
480 6 13 0 2 
486 6 13 0 2 
492 6 13 0 2 
498 6 13 0 2 
504 6 13 0 4 
510 6 13 0 4 
516 6 13 0 4 
522 6 13 0 4 
528 6 13 0 4 
534 6 13 0 4 
540 6 13 0 4 
546 6 13 0 4 
552 6 13 0 6 
558 6 13 0 6 
564 6 13 0 6 
570 6 13 0 6 
576 6 13 0 6 
582 6 13 0 6 
588 6 13 0 6 
594 6 13 0 6 
600 6 13 0 8 
606 6 13 0 8 
612 6 13 0 8 
618 6 13 0 8 
624 6 13 0 10 
630 6 13 0 10 
636 6 13 0 10 
642 6 13 0 10 
648 6 15 0 0 
654 6 15 0 0 
660 6 15 0 0 
666 6 15 0 0 
672 6 15 0 4 
678 6 15 0 4 
684 6 15 0 4 
690 6 15 0 4 
696 6 15 0 4 
702 6 15 0 4 
708 6 15 0 4 
714 6 15 0 4 
720 6 15 0 8 
726 6 15 0 8 
732 6 15 0 8 
738 6 15 0 8 
744 10 5 0 6 
754 10 5 0 6 
764 10 5 0 6 
774 10 5 0 6 
312 10 5 0 14 
322 10 5 0 14 
456 10 5 0 14 
466 10 5 0 14 
432 10 6 0 4 
442 10 6 0 4 
624 10 6 0 4 
634 10 6 0 4 
744 10 6 0 12 
754 10 6 0 12 
764 10 6 0 12 
774 10 6 0 12 
784 14 7 0 4 
798 14 7 0 4 
812 14 7 0 4 
826 14 7 0 4 
784 14 7 0 12 
798 14 7 0 12 
812 14 7 0 12 
826 14 7 0 12 
