Bounding Width: 5412
0 6 15 0 0
34 6 15 0 0
68 6 15 0 0
102 6 15 0 0
136 6 15 0 0
170 6 15 0 0
204 6 15 0 0
238 6 15 0 0
272 6 15 0 8
306 6 15 0 8
340 6 15 0 8
374 6 15 0 8
408 6 15 0 8
442 6 15 0 8
476 6 15 0 8
510 6 15 0 8
544 6 13 0 0
578 6 13 0 0
612 6 13 0 0
646 6 13 0 0
680 6 13 0 0
714 6 13 0 0
748 6 13 0 0
782 6 13 0 0
816 6 13 0 2
850 6 13 0 2
884 6 13 0 2
918 6 13 0 2
952 6 13 0 2
986 6 13 0 2
1020 6 13 0 2
1054 6 13 0 2
1088 6 13 0 8
1122 6 13 0 8
1156 6 13 0 8
1190 6 13 0 8
1224 6 13 0 8
1258 6 13 0 8
1292 6 13 0 8
1326 6 13 0 8
1360 6 13 0 10
1394 6 13 0 10
1428 6 13 0 10
1462 6 13 0 10
1496 6 13 0 10
1530 6 13 0 10
1564 6 13 0 10
1598 6 13 0 10
1632 6 11 0 0
1666 6 11 0 0
1700 6 11 0 0
1734 6 11 0 0
1768 6 11 0 0
1802 6 11 0 0
1836 6 11 0 0
1870 6 11 0 0
1904 6 11 0 2
1938 6 11 0 2
1972 6 11 0 2
2006 6 11 0 2
2040 6 11 0 2
2074 6 11 0 2
2108 6 11 0 2
2142 6 11 0 2
2176 6 11 0 4
2210 6 11 0 4
2244 6 11 0 4
2278 6 11 0 4
2312 6 11 0 4
2346 6 11 0 4
2380 6 11 0 4
2414 6 11 0 4
2448 6 11 0 8
2482 6 11 0 8
2516 6 11 0 8
2550 6 11 0 8
2584 6 11 0 8
2618 6 11 0 8
2652 6 11 0 8
2686 6 11 0 8
2720 6 11 0 10
2754 6 11 0 10
2788 6 11 0 10
2822 6 11 0 10
2856 6 11 0 10
2890 6 11 0 10
2924 6 11 0 10
2958 6 11 0 10
1632 6 11 0 12
1666 6 11 0 12
1700 6 11 0 12
1734 6 11 0 12
1768 6 11 0 12
1802 6 11 0 12
1836 6 11 0 12
1870 6 11 0 12
1360 6 9 0 0
1394 6 9 0 0
1428 6 9 0 0
1462 6 9 0 0
1496 6 9 0 0
1530 6 9 0 0
1564 6 9 0 0
1598 6 9 0 0
2992 6 9 0 2
3026 6 9 0 2
3060 6 9 0 2
3094 6 9 0 2
3128 6 9 0 2
3162 6 9 0 2
3196 6 9 0 2
3230 6 9 0 2
3264 6 9 0 4
3298 6 9 0 4
3332 6 9 0 4
3366 6 9 0 4
3400 6 9 0 4
3434 6 9 0 4
3468 6 9 0 4
3502 6 9 0 4
3536 6 9 0 6
3570 6 9 0 6
3604 6 9 0 6
3638 6 9 0 6
3672 6 9 0 6
3706 6 9 0 6
3740 6 9 0 6
3774 6 9 0 6
3808 6 9 0 8
3842 6 9 0 8
3876 6 9 0 8
3910 6 9 0 8
3944 6 9 0 8
3978 6 9 0 8
4012 6 9 0 8
4046 6 9 0 8
4080 6 9 0 10
4114 6 9 0 10
4148 6 9 0 10
4182 6 9 0 10
4216 6 9 0 10
4250 6 9 0 10
4284 6 9 0 10
4318 6 9 0 10
2992 6 9 0 12
3026 6 9 0 12
3060 6 9 0 12
3094 6 9 0 12
3128 6 9 0 12
3162 6 9 0 12
3196 6 9 0 12
3230 6 9 0 12
544 6 9 0 14
578 6 9 0 14
612 6 9 0 14
646 6 9 0 14
680 6 9 0 14
714 6 9 0 14
748 6 9 0 14
782 6 9 0 14
2720 6 7 0 2
2754 6 7 0 2
2788 6 7 0 2
2822 6 7 0 2
2856 6 7 0 2
2890 6 7 0 2
2924 6 7 0 2
2958 6 7 0 2
4352 6 7 0 4
4386 6 7 0 4
4420 6 7 0 4
4454 6 7 0 4
4488 6 7 0 4
4522 6 7 0 4
4556 6 7 0 4
4590 6 7 0 4
4624 6 7 0 6
4658 6 7 0 6
4692 6 7 0 6
4726 6 7 0 6
4760 6 7 0 6
4794 6 7 0 6
4828 6 7 0 6
4862 6 7 0 6
4896 6 7 0 10
4930 6 7 0 10
4964 6 7 0 10
4998 6 7 0 10
5032 6 7 0 10
5066 6 7 0 10
5100 6 7 0 10
5134 6 7 0 10
4352 6 7 0 12
4386 6 7 0 12
4420 6 7 0 12
4454 6 7 0 12
4488 6 7 0 12
4522 6 7 0 12
4556 6 7 0 12
4590 6 7 0 12
1904 6 7 0 14
1938 6 7 0 14
1972 6 7 0 14
2006 6 7 0 14
2040 6 7 0 14
2074 6 7 0 14
2108 6 7 0 14
2142 6 7 0 14
4080 6 5 0 4
4114 6 5 0 4
4148 6 5 0 4
4182 6 5 0 4
4216 6 5 0 4
4250 6 5 0 4
4284 6 5 0 4
4318 6 5 0 4
5168 6 5 0 6
5202 6 5 0 6
5236 6 5 0 6
5270 6 5 0 6
5304 6 5 0 6
5338 6 5 0 6
5372 6 5 0 6
5406 6 5 0 6
5168 6 5 0 12
5202 6 5 0 12
5236 6 5 0 12
5270 6 5 0 12
5304 6 5 0 12
5338 6 5 0 12
5372 6 5 0 12
5406 6 5 0 12
3264 6 5 0 14
3298 6 5 0 14
3332 6 5 0 14
3366 6 5 0 14
3400 6 5 0 14
3434 6 5 0 14
3468 6 5 0 14
3502 6 5 0 14
4896 6 3 0 6
4930 6 3 0 6
4964 6 3 0 6
4998 6 3 0 6
5032 6 3 0 6
5066 6 3 0 6
5100 6 3 0 6
5134 6 3 0 6
4624 6 3 0 14
4658 6 3 0 14
4692 6 3 0 14
4726 6 3 0 14
4760 6 3 0 14
4794 6 3 0 14
4828 6 3 0 14
4862 6 3 0 14
