Bounding Width: 5440
0 34 15 0 0 
34 34 15 0 0 
68 34 15 0 0 
102 34 15 0 0 
136 34 15 0 0 
170 34 15 0 0 
204 34 15 0 0 
238 34 15 0 0 
272 34 15 0 8 
306 34 15 0 8 
340 34 15 0 8 
374 34 15 0 8 
408 34 15 0 8 
442 34 15 0 8 
476 34 15 0 8 
510 34 15 0 8 
544 34 13 0 0 
578 34 13 0 0 
612 34 13 0 0 
646 34 13 0 0 
680 34 13 0 0 
714 34 13 0 0 
748 34 13 0 0 
782 34 13 0 0 
816 34 13 0 2 
850 34 13 0 2 
884 34 13 0 2 
918 34 13 0 2 
952 34 13 0 2 
986 34 13 0 2 
1020 34 13 0 2 
1054 34 13 0 2 
1088 34 13 0 8 
1122 34 13 0 8 
1156 34 13 0 8 
1190 34 13 0 8 
1224 34 13 0 8 
1258 34 13 0 8 
1292 34 13 0 8 
1326 34 13 0 8 
1360 34 13 0 10 
1394 34 13 0 10 
1428 34 13 0 10 
1462 34 13 0 10 
1496 34 13 0 10 
1530 34 13 0 10 
1564 34 13 0 10 
1598 34 13 0 10 
1632 34 11 0 0 
1666 34 11 0 0 
1700 34 11 0 0 
1734 34 11 0 0 
1768 34 11 0 0 
1802 34 11 0 0 
1836 34 11 0 0 
1870 34 11 0 0 
1904 34 11 0 2 
1938 34 11 0 2 
1972 34 11 0 2 
2006 34 11 0 2 
2040 34 11 0 2 
2074 34 11 0 2 
2108 34 11 0 2 
2142 34 11 0 2 
2176 34 11 0 4 
2210 34 11 0 4 
2244 34 11 0 4 
2278 34 11 0 4 
2312 34 11 0 4 
2346 34 11 0 4 
2380 34 11 0 4 
2414 34 11 0 4 
2448 34 11 0 8 
2482 34 11 0 8 
2516 34 11 0 8 
2550 34 11 0 8 
2584 34 11 0 8 
2618 34 11 0 8 
2652 34 11 0 8 
2686 34 11 0 8 
2720 34 11 0 10 
2754 34 11 0 10 
2788 34 11 0 10 
2822 34 11 0 10 
2856 34 11 0 10 
2890 34 11 0 10 
2924 34 11 0 10 
2958 34 11 0 10 
1632 34 11 0 12 
1666 34 11 0 12 
1700 34 11 0 12 
1734 34 11 0 12 
1768 34 11 0 12 
1802 34 11 0 12 
1836 34 11 0 12 
1870 34 11 0 12 
1360 34 9 0 0 
1394 34 9 0 0 
1428 34 9 0 0 
1462 34 9 0 0 
1496 34 9 0 0 
1530 34 9 0 0 
1564 34 9 0 0 
1598 34 9 0 0 
2992 34 9 0 2 
3026 34 9 0 2 
3060 34 9 0 2 
3094 34 9 0 2 
3128 34 9 0 2 
3162 34 9 0 2 
3196 34 9 0 2 
3230 34 9 0 2 
3264 34 9 0 4 
3298 34 9 0 4 
3332 34 9 0 4 
3366 34 9 0 4 
3400 34 9 0 4 
3434 34 9 0 4 
3468 34 9 0 4 
3502 34 9 0 4 
3536 34 9 0 6 
3570 34 9 0 6 
3604 34 9 0 6 
3638 34 9 0 6 
3672 34 9 0 6 
3706 34 9 0 6 
3740 34 9 0 6 
3774 34 9 0 6 
3808 34 9 0 8 
3842 34 9 0 8 
3876 34 9 0 8 
3910 34 9 0 8 
3944 34 9 0 8 
3978 34 9 0 8 
4012 34 9 0 8 
4046 34 9 0 8 
4080 34 9 0 10 
4114 34 9 0 10 
4148 34 9 0 10 
4182 34 9 0 10 
4216 34 9 0 10 
4250 34 9 0 10 
4284 34 9 0 10 
4318 34 9 0 10 
2992 34 9 0 12 
3026 34 9 0 12 
3060 34 9 0 12 
3094 34 9 0 12 
3128 34 9 0 12 
3162 34 9 0 12 
3196 34 9 0 12 
3230 34 9 0 12 
544 34 9 0 14 
578 34 9 0 14 
612 34 9 0 14 
646 34 9 0 14 
680 34 9 0 14 
714 34 9 0 14 
748 34 9 0 14 
782 34 9 0 14 
2720 34 7 0 2 
2754 34 7 0 2 
2788 34 7 0 2 
2822 34 7 0 2 
2856 34 7 0 2 
2890 34 7 0 2 
2924 34 7 0 2 
2958 34 7 0 2 
4352 34 7 0 4 
4386 34 7 0 4 
4420 34 7 0 4 
4454 34 7 0 4 
4488 34 7 0 4 
4522 34 7 0 4 
4556 34 7 0 4 
4590 34 7 0 4 
4624 34 7 0 6 
4658 34 7 0 6 
4692 34 7 0 6 
4726 34 7 0 6 
4760 34 7 0 6 
4794 34 7 0 6 
4828 34 7 0 6 
4862 34 7 0 6 
4896 34 7 0 10 
4930 34 7 0 10 
4964 34 7 0 10 
4998 34 7 0 10 
5032 34 7 0 10 
5066 34 7 0 10 
5100 34 7 0 10 
5134 34 7 0 10 
4352 34 7 0 12 
4386 34 7 0 12 
4420 34 7 0 12 
4454 34 7 0 12 
4488 34 7 0 12 
4522 34 7 0 12 
4556 34 7 0 12 
4590 34 7 0 12 
1904 34 7 0 14 
1938 34 7 0 14 
1972 34 7 0 14 
2006 34 7 0 14 
2040 34 7 0 14 
2074 34 7 0 14 
2108 34 7 0 14 
2142 34 7 0 14 
4080 34 5 0 4 
4114 34 5 0 4 
4148 34 5 0 4 
4182 34 5 0 4 
4216 34 5 0 4 
4250 34 5 0 4 
4284 34 5 0 4 
4318 34 5 0 4 
5168 34 5 0 6 
5202 34 5 0 6 
5236 34 5 0 6 
5270 34 5 0 6 
5304 34 5 0 6 
5338 34 5 0 6 
5372 34 5 0 6 
5406 34 5 0 6 
5168 34 5 0 12 
5202 34 5 0 12 
5236 34 5 0 12 
5270 34 5 0 12 
5304 34 5 0 12 
5338 34 5 0 12 
5372 34 5 0 12 
5406 34 5 0 12 
3264 34 5 0 14 
3298 34 5 0 14 
3332 34 5 0 14 
3366 34 5 0 14 
3400 34 5 0 14 
3434 34 5 0 14 
3468 34 5 0 14 
3502 34 5 0 14 
4896 34 3 0 6 
4930 34 3 0 6 
4964 34 3 0 6 
4998 34 3 0 6 
5032 34 3 0 6 
5066 34 3 0 6 
5100 34 3 0 6 
5134 34 3 0 6 
4624 34 3 0 14 
4658 34 3 0 14 
4692 34 3 0 14 
4726 34 3 0 14 
4760 34 3 0 14 
4794 34 3 0 14 
4828 34 3 0 14 
4862 34 3 0 14 
