Bounding Width: 812
0 6 7 0 4
26 6 7 0 4
52 6 7 0 4
78 6 7 0 4
104 6 7 0 4
130 6 7 0 4
156 6 7 0 4
182 6 7 0 4
0 6 7 0 12
26 6 7 0 12
52 6 7 0 12
78 6 7 0 12
104 6 7 0 12
130 6 7 0 12
156 6 7 0 12
182 6 7 0 12
208 6 5 0 4
234 6 5 0 4
260 6 5 0 4
286 6 5 0 4
312 6 5 0 4
338 6 5 0 4
364 6 5 0 4
390 6 5 0 4
416 6 5 0 6
442 6 5 0 6
468 6 5 0 6
494 6 5 0 6
520 6 5 0 6
546 6 5 0 6
572 6 5 0 6
598 6 5 0 6
208 6 5 0 12
234 6 5 0 12
260 6 5 0 12
286 6 5 0 12
312 6 5 0 12
338 6 5 0 12
364 6 5 0 12
390 6 5 0 12
416 6 5 0 14
442 6 5 0 14
468 6 5 0 14
494 6 5 0 14
520 6 5 0 14
546 6 5 0 14
572 6 5 0 14
598 6 5 0 14
624 6 3 0 6
650 6 3 0 6
676 6 3 0 6
702 6 3 0 6
728 6 3 0 6
754 6 3 0 6
780 6 3 0 6
806 6 3 0 6
624 6 3 0 14
650 6 3 0 14
676 6 3 0 14
702 6 3 0 14
728 6 3 0 14
754 6 3 0 14
780 6 3 0 14
806 6 3 0 14
